Mindanao  (2043,902) 
Indiana  (213,548) 
England  (951,378) 
East Mexico  (61,766)  (74,790)  (61,742)  (85,759)  (98,783)  (113,807) 
Iowa - Wisconsin  (178,498)  (157,532) 
Balkans  (1115,498)  (1139,509)  (1145,533)  (1169,526) 
Syria  (1294,615) 
Western India  (1611,783) 
Tianjin  (2022,560) 
Nenets  (1541,80)  (1517,102)  (1517,78)  (1564,104)  (1541,56)  (1565,56)  (1565,80)  (1493,112)  (1493,88)  (1493,64)  (1588,104)  (1589,58)  (1609,128)  (1469,129)  (1469,105)  (1469,81)  (1612,82)  (1612,152)  (1613,55)  (1453,153)  (1588,172)  (1633,106)  (1445,129)  (1445,105)  (1445,81)  (1636,79)  (1636,130)  (1636,154)  (1612,176)  (1637,55)  (1638,178)  (1429,153)  (1657,103)  (1660,79)  (1660,127)  (1660,151)  (1661,55)  (1662,175)  (1662,199)  (1638,202)  (1681,103)  (1684,79)  (1684,127)  (1684,151)  (1685,55)  (1686,175)  (1686,199)  (1708,79)  (1709,55) 
45 - Coral Sea  (2266,1144)  (2289,1168)  (2244,1120)  (2268,1120)  (2290,1144)  (2292,1118)  (2313,1168)  (2313,1192)  (2314,1142)  (2226,1094)  (2337,1166)  (2337,1190)  (2337,1214)  (2313,1216)  (2338,1131)  (2187,1096)  (2183,1120)  (2359,1238)  (2361,1155)  (2361,1179)  (2361,1203)  (2335,1240)  (2362,1131) 
Hubei  (1941,658) 
Marshall Islands  (2410,877) 
Kamchatka  (2402,175)  (2378,195)  (2378,171)  (2425,199)  (2411,151)  (2426,175)  (2435,144)  (2354,176)  (2449,199)  (2449,223)  (2425,223)  (2450,168)  (2473,192)  (2474,164)  (2364,298)  (2362,322)  (2338,328)  (2345,352) 
10 - Gulf of St.Lawrence  (426,542)  (402,565)  (402,541)  (449,566)  (426,518)  (450,518)  (450,542)  (425,589)  (401,589)  (473,566)  (473,590)  (449,590)  (453,494)  (474,518)  (474,542)  (477,491)  (425,613)  (401,613)  (497,566)  (497,590)  (497,614)  (473,614)  (449,614)  (498,515)  (498,539)  (415,467)  (454,467)  (478,467)  (501,491)  (502,466)  (425,637)  (401,637)  (521,563)  (521,587)  (521,611)  (521,635)  (497,638)  (473,638)  (449,638)  (522,515)  (522,539)  (414,443)  (438,443)  (462,443)  (525,490)  (486,442)  (510,442)  (526,466)  (533,659)  (425,661)  (401,661) 
68 - Gulf of Thailand  (1912,900)  (1935,924)  (1928,876)  (1936,900)  (1952,860)  (1866,905)  (1960,884)  (1960,908)  (1928,843)  (1849,881)  (1952,836)  (1976,836)  (1976,860)  (1984,884) 
Baltics  (1165,325)  (1188,301) 
44 - Solomon Sea  (2463,1051)  (2439,1074)  (2439,1050)  (2486,1075)  (2463,1027)  (2487,1027)  (2487,1051)  (2437,1026)  (2462,1098)  (2438,1098)  (2415,1074)  (2415,1050)  (2510,1075)  (2510,1099)  (2486,1099)  (2414,1099)  (2461,1003)  (2485,1003)  (2509,1003)  (2511,1027)  (2511,1051)  (2413,1026)  (2413,1002)  (2437,1002)  (2533,981)  (2462,1122)  (2438,1122)  (2391,1075)  (2391,1051)  (2534,1075)  (2534,1099)  (2534,1123)  (2510,1123)  (2486,1123)  (2414,1123)  (2390,1105)  (2461,979)  (2485,979)  (2509,979)  (2535,1005)  (2535,1029)  (2389,1027)  (2389,1003)  (2389,979)  (2413,978)  (2437,978)  (2557,970)  (2462,1146)  (2438,1146)  (2367,1081)  (2367,1057) 
Guangdong  (1950,736) 
61 - Yellow Sea  (2042,591) 
1 - Hudson's Bay  (440,261)  (416,250)  (463,285)  (439,285)  (440,237)  (464,237)  (464,261)  (404,226)  (487,285)  (487,309)  (463,309)  (439,309)  (428,213)  (452,213)  (488,245)  (380,244)  (511,269)  (511,293)  (511,317)  (487,333)  (463,333)  (413,189)  (519,341)  (495,357)  (321,195)  (299,129)  (297,192)  (283,105)  (275,316)  (275,130)  (273,192)  (267,258)  (267,234)  (265,168)  (261,292)  (283,81)  (251,329)  (251,144)  (249,210)  (243,268)  (243,244)  (241,186)  (237,305)  (285,57)  (227,162)  (227,138)  (225,220)  (219,281)  (219,257)  (217,196)  (213,318) 
East Russia  (1454,271)  (1430,294)  (1430,270)  (1477,295)  (1454,247)  (1478,247)  (1478,271)  (1428,246)  (1453,318)  (1429,318)  (1406,294)  (1406,270)  (1501,295)  (1501,319)  (1477,319)  (1405,319)  (1452,223)  (1476,223)  (1500,223)  (1502,247)  (1502,271)  (1404,246)  (1404,222)  (1428,222)  (1524,201)  (1434,342)  (1382,295)  (1382,271)  (1525,295)  (1525,319)  (1514,343)  (1490,343)  (1410,343)  (1386,343)  (1381,319)  (1483,199)  (1526,225)  (1526,249)  (1380,247)  (1380,223)  (1362,362)  (1507,177)  (1531,177)  (1548,201)  (1358,295)  (1358,271)  (1549,273)  (1549,297)  (1549,321)  (1401,367)  (1357,338) 
Hokkaido  (2202,512) 
California  (2952,516)  (2975,540)  (2948,492)  (2976,515)  (2999,549)  (2939,468)  (3008,573)  (2963,450)  (2935,444)  (3020,597) 
North China  (2087,447)  (2110,471)  (2086,471)  (2092,423)  (2111,447)  (2122,495)  (2098,495)  (2135,457)  (2071,375) 
Eastern Iran  (1453,602)  (1476,626) 
Irkutsk  (1821,342)  (1797,365)  (1797,341)  (1844,366)  (1821,318)  (1845,318)  (1845,342)  (1795,317)  (1807,389)  (1783,389)  (1773,365)  (1868,366)  (1868,390)  (1819,294)  (1843,294)  (1867,294)  (1869,318)  (1869,342)  (1759,402)  (1891,293)  (1749,378)  (1892,366)  (1892,390)  (1893,317)  (1893,341)  (1735,413)  (1914,414)  (1915,293)  (1916,365)  (1916,389)  (1917,317)  (1917,341)  (1711,409)  (1938,413)  (1940,365)  (1940,389)  (1941,295)  (1941,319)  (1964,350)  (1964,374)  (1964,398)  (1965,296)  (1988,363)  (1988,387)  (2012,363) 
Illinois  (187,552) 
Finland  (1187,176)  (1197,152)  (1211,176)  (1211,200)  (1187,200)  (1163,208)  (1194,128)  (1201,224)  (1177,232)  (1189,104) 
Sumatra  (1843,984) 
Sarawak  (1948,952) 
Georgia  (261,640) 
East Africa  (1280,955)  (1304,959)  (1280,979)  (1308,983)  (1256,991)  (1328,954)  (1284,1003)  (1260,1015)  (1288,1027)  (1264,1039)  (1289,1051)  (1382,888)  (1295,1075)  (1271,1075)  (1302,1099)  (1278,1099)  (1298,1123)  (1274,1123)  (1268,1147)  (1256,1201) 
33 - Mozambique Channel  (1330,1034)  (1353,1058)  (1329,1058)  (1335,1010)  (1354,1034)  (1359,1005)  (1377,1058)  (1377,1082)  (1353,1082)  (1378,1029)  (1361,981)  (1383,1005)  (1385,979)  (1329,1097)  (1401,1053)  (1364,1106)  (1402,1029)  (1407,1003)  (1389,955)  (1409,979)  (1413,951)  (1340,1121)  (1426,1027)  (1431,1003)  (1433,975)  (1406,927)  (1430,927)  (1332,1145)  (1308,1159)  (1418,903)  (1332,1169)  (1284,1180)  (1308,1183)  (1422,879)  (1328,1207)  (1304,1207)  (1330,1231)  (1306,1231) 
8 - Bay of Biscay  (863,429)  (886,453)  (862,453)  (845,405)  (887,415)  (910,439)  (910,463)  (886,477)  (862,477)  (845,381) 
48 - Sulu Sea  (2057,838)  (2033,861)  (2033,837)  (2074,862)  (2057,814)  (2031,813)  (2050,885)  (2026,885)  (2074,886)  (2050,909)  (2026,909)  (2074,910) 
Rocky Mountain States  (3149,398)  (3172,422)  (3148,422)  (3127,374)  (3151,374)  (3173,398)  (3175,372)  (3103,371)  (3124,444)  (3196,422)  (3196,446)  (3172,446)  (3148,446)  (3127,350)  (3151,350)  (3175,348)  (3097,347)  (3197,470)  (3173,470)  (3121,326)  (3145,326)  (3169,324)  (3193,324)  (3084,323)  (3149,490)  (3197,494)  (3173,494)  (3149,514)  (3197,518)  (3173,518) 
55 - Gulf of California  (2976,842)  (2952,865)  (2952,841)  (2999,866)  (2976,818)  (3000,818)  (3000,842)  (2952,817)  (2975,889)  (3023,866)  (3023,890)  (2999,890)  (2976,794)  (3000,794)  (3024,794)  (3024,818)  (3024,842)  (2952,793)  (2975,913)  (3047,866)  (3047,890)  (3047,914)  (3023,914)  (2999,914)  (2976,770)  (3000,770)  (3024,770)  (3048,787)  (3048,811)  (3048,835)  (2952,769)  (2975,937)  (3071,859)  (3071,883)  (3071,907)  (3071,931)  (3047,938)  (3023,938)  (2999,938)  (2976,746)  (3000,746)  (3024,746)  (3072,787)  (3072,811)  (3072,835)  (2952,745)  (3088,955)  (2975,961)  (3095,859)  (3095,883)  (3095,907)  (3095,931) 
53 - Hawaiin Waters  (2662,825)  (2638,848)  (2638,824)  (2685,849)  (2662,801)  (2686,801)  (2686,825)  (2636,800)  (2661,872)  (2637,872)  (2709,849)  (2709,873)  (2685,873)  (2660,777)  (2684,777)  (2708,777)  (2710,801)  (2710,825)  (2622,776)  (2732,755)  (2661,896)  (2637,896)  (2733,849)  (2733,873)  (2733,897)  (2709,897)  (2685,897)  (2646,753)  (2670,753)  (2694,753)  (2734,779)  (2734,803)  (2622,738)  (2718,731)  (2742,731)  (2756,755)  (2661,920)  (2637,920)  (2757,827)  (2757,851)  (2757,875)  (2757,899)  (2733,921)  (2709,921)  (2685,921)  (2646,729)  (2670,729)  (2694,729)  (2758,779)  (2758,803)  (2759,923) 
Anhui  (2001,653) 
Madagascar  (1361,1151)  (1370,1175)  (1364,1199) 
Skeleton Coast  (1100,1012)  (1076,1009)  (1123,1036)  (1099,1036)  (1100,988)  (1124,988)  (1124,1012)  (1072,985)  (1147,1036)  (1147,1060)  (1123,1060)  (1099,1060)  (1096,964)  (1120,964)  (1144,964)  (1148,988)  (1148,1012)  (1061,961)  (1168,951)  (1171,1036)  (1171,1060)  (1159,1084)  (1135,1084)  (1111,1084)  (1172,975)  (1172,999)  (1061,937)  (1192,945)  (1195,1023)  (1195,1047)  (1195,1071)  (1142,1108)  (1118,1108)  (1094,1108)  (1196,969)  (1196,993)  (1142,1132)  (1118,1132)  (1094,1132)  (1132,1156)  (1108,1156)  (1084,1156)  (1132,1180)  (1108,1180)  (1122,1204)  (1122,1228) 
New York New Jersey  (322,493) 
21 - Falkland  (533,1343)  (509,1366)  (509,1342)  (556,1367)  (533,1319)  (557,1319)  (557,1343)  (532,1390)  (508,1390)  (485,1366)  (580,1367)  (580,1391)  (556,1391)  (484,1391)  (535,1295)  (559,1295)  (581,1319)  (581,1343)  (583,1293)  (532,1414)  (508,1414)  (604,1367)  (604,1391)  (604,1415)  (580,1415)  (556,1415)  (484,1415)  (460,1415)  (460,1391)  (550,1271)  (605,1317)  (605,1341)  (574,1269)  (598,1269)  (607,1293)  (622,1254)  (532,1438)  (508,1438)  (628,1365)  (628,1389)  (628,1413)  (628,1437)  (604,1439)  (580,1439)  (556,1439)  (484,1439)  (460,1439)  (436,1439)  (436,1415)  (550,1247)  (629,1317)  (629,1341) 
22 - Persian Gulf  (1390,688) 
Sweden  (1089,196)  (1098,220)  (1098,172)  (1122,163)  (1099,244)  (1108,139)  (1132,139)  (1098,268)  (1156,120)  (1092,292) 
Ozarks  (153,595)  (170,619)  (152,571) 
Siberia  (1906,134)  (1882,157)  (1882,133)  (1929,158)  (1906,110)  (1930,110)  (1930,134)  (1880,109)  (1905,181)  (1881,181)  (1858,157)  (1858,133)  (1953,158)  (1953,182)  (1929,182)  (1857,182)  (1904,86)  (1928,86)  (1952,86)  (1954,110)  (1954,134)  (1856,109)  (1856,85)  (1880,85)  (1976,64)  (1905,205)  (1881,205)  (1834,158)  (1834,134)  (1977,158)  (1977,182)  (1977,206)  (1953,206)  (1929,206)  (1857,206)  (1833,206)  (1833,182)  (1904,62)  (1928,62)  (1952,62)  (1978,88)  (1978,112)  (1832,110)  (1832,86)  (1832,62)  (1856,61)  (1880,61)  (2000,55)  (1905,229)  (1881,229)  (1810,158)  (1810,134) 
Poland  (1107,375)  (1130,399)  (1131,370) 
42 - UnAlaska  (2638,370)  (2661,394)  (2637,394)  (2622,346)  (2646,346)  (2662,370)  (2670,338)  (2685,394)  (2622,322)  (2646,322)  (2686,362)  (2694,316)  (2709,386)  (2710,340)  (2718,316)  (2733,364)  (2733,388)  (2734,340)  (2757,364)  (2757,388) 
40 - Cook Straight  (2447,1394)  (2423,1417)  (2423,1393)  (2470,1418)  (2447,1370)  (2471,1370)  (2471,1394)  (2421,1369)  (2446,1441)  (2422,1441)  (2494,1418)  (2494,1442)  (2470,1442)  (2445,1346)  (2469,1346)  (2493,1346)  (2495,1370)  (2495,1394)  (2403,1345)  (2517,1324)  (2518,1418)  (2518,1442)  (2427,1322)  (2451,1322)  (2475,1322)  (2519,1348)  (2519,1372)  (2403,1321)  (2499,1300)  (2523,1300)  (2541,1324)  (2542,1396)  (2542,1420)  (2542,1444)  (2427,1298)  (2451,1298)  (2475,1298)  (2543,1348)  (2543,1372)  (2403,1297)  (2547,1294)  (2499,1276)  (2523,1276)  (2565,1318)  (2566,1396)  (2566,1420)  (2566,1444)  (2427,1274)  (2451,1274)  (2475,1274)  (2567,1342)  (2567,1366) 
Shanxi  (1948,580) 
Jordan  (1277,661) 
28 - Marion  (1189,1358)  (1165,1381)  (1165,1357)  (1212,1382)  (1201,1334)  (1213,1358)  (1225,1322)  (1188,1405)  (1164,1405)  (1236,1382)  (1236,1406)  (1212,1406)  (1237,1346)  (1242,1298)  (1249,1322)  (1188,1429)  (1164,1429)  (1260,1370)  (1260,1394)  (1260,1418)  (1236,1430)  (1212,1430)  (1261,1346)  (1266,1281)  (1272,1442)  (1273,1305)  (1188,1453)  (1164,1453)  (1284,1370)  (1284,1394)  (1284,1418)  (1248,1454)  (1224,1454)  (1285,1329)  (1262,1257)  (1286,1257)  (1290,1281)  (1296,1442)  (1297,1305)  (1308,1353)  (1308,1377)  (1308,1401)  (1309,1329)  (1310,1257)  (1314,1281)  (1320,1425)  (1320,1449)  (1321,1305)  (1332,1353)  (1332,1377)  (1332,1401) 
Java  (1930,1045) 
Carolinas  (284,609)  (308,598) 
Hawaii  (2713,743) 
38 - Great Austrailian Bight  (1868,1346)  (1844,1369)  (1844,1345)  (1891,1370)  (1868,1322)  (1892,1322)  (1892,1346)  (1842,1321)  (1867,1393)  (1843,1393)  (1915,1370)  (1915,1394)  (1891,1394)  (1866,1298)  (1890,1298)  (1914,1298)  (1916,1322)  (1916,1346)  (1831,1297)  (1938,1276)  (1867,1417)  (1843,1417)  (1939,1370)  (1939,1394)  (1939,1418)  (1915,1418)  (1891,1418)  (1855,1274)  (1879,1274)  (1903,1274)  (1940,1300)  (1940,1324)  (1831,1273)  (1867,1441)  (1843,1441)  (1963,1348)  (1963,1372)  (1963,1396)  (1963,1420)  (1939,1442)  (1915,1442)  (1891,1442)  (1965,1444)  (1987,1349)  (1987,1373)  (1987,1397)  (1989,1421)  (1989,1445)  (2011,1346)  (2011,1370)  (2011,1394) 
23 - Cabo Verde  (764,920)  (740,943)  (740,919)  (787,944)  (764,896)  (788,896)  (788,920)  (738,895)  (763,967)  (739,967)  (811,944)  (811,968)  (787,968)  (762,872)  (786,872)  (812,877)  (812,901)  (729,871)  (835,925)  (835,949)  (835,973)  (753,848)  (777,848)  (729,847)  (859,934)  (859,958)  (859,982)  (753,824)  (777,824)  (729,823)  (801,821)  (883,949)  (883,973)  (753,800)  (777,800)  (729,799)  (801,797)  (907,949)  (907,973)  (753,776)  (777,776)  (729,775)  (801,773)  (931,946)  (931,970)  (753,752)  (777,752)  (729,751)  (801,749)  (955,947)  (955,971) 
Michigan  (223,504) 
French Polynesia  (2784,1216) 
Cuba  (254,754) 
35 - Bay of Bengal  (1595,985)  (1571,1008)  (1571,984)  (1618,1009)  (1595,961)  (1619,961)  (1619,985)  (1569,960)  (1594,1032)  (1570,1032)  (1642,1009)  (1642,1033)  (1618,1033)  (1593,937)  (1617,937)  (1641,937)  (1643,961)  (1643,985)  (1566,936)  (1665,915)  (1594,1056)  (1570,1056)  (1666,1009)  (1666,1033)  (1666,1057)  (1642,1057)  (1618,1057)  (1590,913)  (1614,913)  (1667,939)  (1667,963)  (1566,912)  (1672,891)  (1689,915)  (1690,987)  (1690,1011)  (1690,1035)  (1690,1059)  (1590,889)  (1691,939)  (1691,963)  (1566,888)  (1696,884)  (1713,908)  (1714,987)  (1714,1011)  (1714,1035)  (1714,1059)  (1590,865)  (1715,932)  (1715,956) 
12 - Bermuda Triangle  (491,802)  (467,825)  (467,801)  (514,826)  (491,778)  (515,778)  (515,802)  (465,777)  (490,849)  (443,842)  (443,818)  (538,826)  (538,850)  (514,850)  (489,754)  (513,754)  (537,754)  (539,778)  (539,802)  (441,794)  (441,770)  (465,753)  (434,746)  (561,732)  (490,873)  (419,842)  (419,818)  (562,826)  (562,850)  (562,874)  (538,874)  (514,874)  (489,730)  (513,730)  (537,730)  (563,756)  (563,780)  (417,794)  (417,770)  (458,729)  (410,746)  (410,722)  (434,722)  (585,715)  (490,897)  (395,842)  (395,818)  (586,804)  (586,828)  (586,852)  (586,876) 
27 - Cape of Good Hope  (921,1334)  (897,1357)  (897,1333)  (944,1358)  (921,1310)  (945,1310)  (945,1334)  (895,1309)  (920,1381)  (896,1381)  (873,1357)  (873,1333)  (968,1358)  (968,1382)  (944,1382)  (872,1382)  (919,1286)  (943,1286)  (967,1286)  (969,1310)  (969,1334)  (871,1309)  (871,1285)  (895,1285)  (991,1279)  (920,1405)  (896,1405)  (849,1358)  (849,1334)  (992,1358)  (992,1382)  (992,1406)  (968,1406)  (944,1406)  (872,1406)  (848,1406)  (848,1382)  (993,1303)  (993,1327)  (847,1310)  (847,1286)  (1015,1279)  (920,1429)  (896,1429)  (1016,1351)  (1016,1375)  (1016,1399)  (1016,1423)  (992,1430)  (968,1430)  (944,1430)  (872,1430)  (848,1430) 
37 - Cocos  (1851,1136)  (1874,1160)  (1850,1160)  (1831,1112)  (1855,1112)  (1875,1136)  (1879,1108)  (1898,1160)  (1898,1184)  (1874,1184)  (1850,1184)  (1899,1132)  (1903,1097)  (1922,1156)  (1922,1180)  (1922,1204)  (1898,1208)  (1874,1208)  (1850,1208)  (1923,1121)  (1927,1097)  (1938,1228)  (1946,1145)  (1946,1169)  (1914,1232)  (1890,1232)  (1866,1232)  (1842,1232) 
Central America  (213,841) 
Myanmar  (1796,758)  (1804,782) 
18 - Carribean Sea  (259,817)  (235,813)  (282,841)  (258,841)  (259,793)  (283,793)  (283,817)  (230,789)  (306,841)  (291,865)  (267,865)  (254,769)  (278,769)  (302,769)  (307,793)  (307,817)  (217,765)  (326,753)  (330,841)  (331,777)  (331,801)  (350,753)  (354,825)  (354,849)  (355,777)  (355,801)  (160,772)  (136,779)  (431,868) 
26 - Sandwich  (705,1325)  (681,1348)  (681,1324)  (728,1349)  (705,1301)  (729,1301)  (729,1325)  (681,1300)  (704,1372)  (752,1349)  (752,1373)  (728,1373)  (705,1277)  (729,1277)  (753,1277)  (753,1301)  (753,1325)  (681,1276)  (704,1396)  (776,1349)  (776,1373)  (776,1397)  (752,1397)  (728,1397)  (705,1253)  (729,1253)  (753,1253)  (777,1253)  (777,1277)  (777,1301)  (777,1325)  (681,1252)  (704,1420)  (800,1349)  (800,1373)  (800,1397)  (800,1421)  (776,1421)  (752,1421)  (728,1421)  (705,1229)  (729,1229)  (753,1229)  (777,1229)  (801,1229)  (801,1253)  (801,1277)  (801,1301)  (801,1325)  (681,1228)  (704,1444) 
Heibei  (1974,529) 
36 - Andaman Sea  (1789,893)  (1812,917)  (1788,917)  (1786,869)  (1810,869)  (1827,941)  (1803,941)  (1786,845)  (1838,965)  (1814,965)  (1790,965)  (1873,978)  (1879,934)  (1849,989)  (1825,989)  (1801,989)  (1890,1002)  (1866,1013)  (1842,1013)  (1818,1013)  (1794,1013)  (1890,1026)  (1866,1037)  (1842,1037)  (1818,1037)  (1794,1037)  (1936,1041)  (1912,1050)  (1888,1061)  (1864,1061)  (1840,1061)  (1816,1061)  (1792,1061)  (1958,1065) 
5 - Balctic Sea  (1114,330)  (1120,306)  (1144,287)  (1138,263)  (1135,239)  (1130,215) 
Iceland  (793,153)  (817,142) 
Sulawesi  (2006,962) 
Suez  (1251,675) 
New Siberia  (1526,379)  (1502,399)  (1549,403)  (1550,364)  (1478,395)  (1573,388)  (1573,412)  (1467,371)  (1454,396)  (1597,383)  (1597,407)  (1621,385)  (1621,409)  (1664,368)  (1664,392)  (1688,368) 
Iwo Jima  (2425,600) 
Midway  (2649,515) 
Liaoning  (2061,530) 
Moldova  (1204,461) 
Shandong  (2002,599) 
49 - Arafura Sea  (2182,971)  (2158,994)  (2158,970)  (2205,995)  (2206,970)  (2181,1018)  (2157,1018)  (2134,994)  (2134,970)  (2229,994)  (2229,1018)  (2205,1019)  (2133,1019)  (2230,970)  (2252,1042)  (2181,1042)  (2157,1042)  (2110,995)  (2110,971)  (2253,994)  (2253,1018)  (2228,1043)  (2133,1043)  (2109,1043)  (2109,1019)  (2254,970)  (2276,1042)  (2276,1066)  (2252,1066)  (2277,994)  (2277,1018)  (2278,970) 
Northern Iran  (1374,599)  (1389,623) 
Guizhou  (1903,704) 
60 - Japanese Waters  (2222,586)  (2245,610)  (2221,610)  (2215,562)  (2239,562)  (2246,586)  (2263,545)  (2269,610)  (2269,634)  (2245,634)  (2221,634)  (2231,538)  (2270,569)  (2197,635)  (2173,639)  (2255,521)  (2275,658)  (2251,658)  (2227,658)  (2149,658)  (2203,659)  (2179,663)  (2234,497)  (2258,497)  (2125,672)  (2227,473)  (2251,473)  (2275,473)  (2225,449)  (2249,449)  (2273,449) 
62 - Sea of Japan  (2128,550)  (2104,573)  (2151,574)  (2152,533)  (2168,509)  (2127,597)  (2184,485)  (2053,629)  (2083,640) 
Pennsylvania  (291,522) 
Eastern India  (1720,740)  (1708,764)  (1744,717)  (1744,741)  (1768,716) 
New Guinea  (2208,1030) 
Gulf States  (194,649)  (170,666)  (218,637) 
Texas  (67,659)  (90,683)  (66,683)  (61,635)  (91,655)  (114,679)  (107,707)  (138,679) 
Okinawa  (2078,711) 
Italy  (1055,491) 
Qinghai  (1766,603)  (1742,614)  (1789,627)  (1790,585)  (1813,609)  (1814,584) 
Vladik  (2143,486) 
New South Wales  (2220,1285)  (2244,1274)  (2244,1298)  (2268,1274)  (2268,1298) 
19 - Galapagos  (102,1000)  (78,1023)  (78,999)  (125,1024)  (102,976)  (126,976)  (126,1000)  (76,975)  (101,1047)  (77,1047)  (149,1024)  (149,1048)  (125,1048)  (100,952)  (124,952)  (148,952)  (150,976)  (150,1000)  (61,951)  (172,930)  (101,1071)  (77,1071)  (173,1024)  (173,1048)  (173,1072)  (149,1072)  (125,1072)  (85,928)  (109,928)  (133,928)  (174,954)  (174,978)  (61,927)  (157,906)  (181,906)  (196,930)  (101,1095)  (77,1095)  (197,1002)  (197,1026)  (197,1050)  (197,1074)  (173,1096)  (149,1096)  (125,1096)  (85,904)  (109,904)  (133,904)  (198,954)  (198,978)  (61,903)  (199,1098) 
59 - Crai  (2197,333)  (2173,345)  (2220,357)  (2200,309)  (2221,333)  (2224,306)  (2244,357)  (2244,381)  (2245,330)  (2268,354)  (2268,378)  (2268,402)  (2244,405) 
Western Canada  (3103,220)  (3079,243)  (3079,219)  (3126,244)  (3103,196)  (3127,196)  (3127,220)  (3077,195)  (3102,267)  (3078,267)  (3055,243)  (3055,219)  (3150,244)  (3150,268)  (3126,268)  (3054,268)  (3116,172)  (3140,172)  (3151,196)  (3151,220)  (3164,159)  (3031,244)  (3174,244)  (3174,268)  (3174,292)  (3030,273)  (3175,183)  (3175,207)  (3160,135)  (3184,135)  (3188,159)  (3007,249)  (2983,268)  (2983,244)  (2959,249) 
American Samoa  (2638,1169) 
Scotland  (914,310) 
Desert Southwest  (3107,583)  (3083,606)  (3083,582)  (3130,607)  (3107,559)  (3131,559)  (3131,583)  (3081,558)  (3106,630)  (3082,630)  (3059,606)  (3154,607)  (3154,631)  (3130,631)  (3155,558)  (3155,582)  (3057,570)  (3178,606)  (3178,630)  (3179,559)  (3185,654)  (3196,678) 
Hainan  (1915,793) 
Netherlands  (1005,390) 
Karelia  (1308,177)  (1332,179)  (1262,181)  (1251,157)  (1246,133)  (1235,109)  (1280,93)  (1387,170) 
Zhejiang  (2023,673) 
Chongqing  (1893,659) 
Soloman Islands  (2355,1058) 
Capitol  (314,541) 
Alaska  (2935,154)  (2911,177)  (2911,153)  (2958,178)  (2938,130)  (2959,154)  (2962,127)  (2933,201)  (2909,201)  (2887,177)  (2887,153)  (2982,178)  (2983,151)  (2885,203)  (2986,104)  (3006,175)  (3007,128)  (2861,212)  (3010,95)  (3010,199)  (2850,236)  (3030,152)  (3031,119)  (2837,212)  (3034,90)  (2826,252)  (3054,143)  (3055,114)  (2813,224)  (3058,86)  (3078,138)  (3079,110)  (3082,85)  (3103,109)  (3106,85)  (3130,87) 
Peru - Ecuador  (274,1028)  (297,1052)  (274,1004)  (298,1004)  (298,1028)  (312,1076)  (336,1092)  (312,1100)  (340,1116) 
Sakhalin  (2205,413) 
Romania  (1166,475)  (1178,499)  (1190,470) 
Hunan  (1936,693) 
Hispanola  (333,789) 
58 - Mid-Pacific  (2389,535)  (2365,558)  (2365,534)  (2412,559)  (2389,511)  (2413,511)  (2413,535)  (2363,510)  (2388,582)  (2364,582)  (2341,558)  (2341,534)  (2436,559)  (2436,583)  (2412,583)  (2340,583)  (2387,487)  (2411,487)  (2435,487)  (2437,511)  (2437,535)  (2339,510)  (2339,486)  (2363,486)  (2459,465)  (2388,606)  (2364,606)  (2317,559)  (2317,535)  (2460,559)  (2460,583)  (2460,607)  (2436,607)  (2412,607)  (2340,607)  (2316,607)  (2316,583)  (2387,463)  (2411,463)  (2435,463)  (2461,489)  (2461,513)  (2315,511)  (2315,487)  (2315,463)  (2483,463)  (2388,630)  (2364,630)  (2484,537)  (2484,561)  (2484,585)  (2484,609) 
Southern India  (1635,869) 
Slovakia Hungary  (1130,454) 
65 - Gulf of Alaska  (2845,317)  (2821,340)  (2821,316)  (2868,341)  (2845,293)  (2869,293)  (2869,317)  (2844,364)  (2820,364)  (2797,340)  (2797,316)  (2892,341)  (2892,365)  (2868,365)  (2796,365)  (2877,269)  (2893,293)  (2893,317)  (2901,261)  (2844,388)  (2820,388)  (2916,341)  (2916,365)  (2914,389)  (2890,389)  (2796,389)  (2917,285)  (2917,309)  (2925,257) 
South Brazil  (506,1225)  (523,1249)  (530,1216)  (499,1264) 
PEI  (215,163) 
West Africa  (877,889)  (900,913)  (924,896)  (948,895) 
Guangxi  (1909,739) 
Henan  (1960,627) 
Jiangsu  (2020,636) 
Ohio  (248,542) 
Archangel  (1333,142)  (1357,145)  (1370,121)  (1394,109) 
52 - Bismark Sea  (2366,781)  (2342,804)  (2342,780)  (2389,805)  (2366,757)  (2390,757)  (2390,781)  (2340,756)  (2365,828)  (2341,828)  (2318,804)  (2318,780)  (2413,805)  (2413,829)  (2389,829)  (2317,829)  (2364,733)  (2388,733)  (2412,733)  (2414,757)  (2414,781)  (2316,756)  (2316,732)  (2340,732)  (2436,711)  (2365,852)  (2341,852)  (2294,805)  (2294,781)  (2437,805)  (2437,829)  (2437,853)  (2413,853)  (2389,853)  (2317,853)  (2293,853)  (2293,829)  (2364,709)  (2388,709)  (2412,709)  (2438,735)  (2438,759)  (2292,757)  (2292,733)  (2292,709)  (2316,708)  (2340,708)  (2460,698)  (2365,876)  (2341,876)  (2461,783)  (2461,807)  (2461,831)  (2461,855) 
2 - Labrador Sea  (572,276)  (595,300)  (571,300)  (596,269)  (605,243)  (619,293)  (619,317)  (595,324)  (571,324)  (620,267)  (607,219)  (629,243)  (631,217)  (636,341)  (500,207)  (643,291)  (643,315)  (612,348)  (588,348)  (564,348)  (644,267)  (653,241)  (621,193)  (645,193)  (655,217)  (660,339)  (660,363)  (636,365)  (478,183)  (667,291)  (667,315)  (612,372)  (588,372)  (564,372)  (668,265)  (669,179)  (677,241)  (623,169)  (679,203)  (682,387)  (684,339)  (684,363)  (658,389)  (454,161)  (478,159)  (691,289)  (691,313)  (634,396)  (610,396)  (586,396)  (562,396) 
25 - South Atlantic  (782,1093)  (758,1116)  (758,1092)  (805,1117)  (782,1069)  (806,1069)  (806,1093)  (756,1068)  (781,1140)  (757,1140)  (734,1116)  (734,1092)  (829,1117)  (829,1141)  (805,1141)  (733,1141)  (780,1045)  (804,1045)  (828,1045)  (830,1069)  (830,1093)  (732,1068)  (732,1044)  (756,1044)  (852,1023)  (781,1164)  (757,1164)  (853,1117)  (853,1141)  (853,1165)  (829,1165)  (805,1165)  (733,1165)  (780,1021)  (804,1021)  (828,1021)  (854,1047)  (854,1071)  (729,1020)  (753,1020)  (876,1016)  (877,1095)  (877,1119)  (877,1143)  (877,1167)  (853,1189)  (878,1040)  (878,1064)  (879,1191)  (900,1016)  (901,1088)  (901,1112)  (901,1136)  (901,1160) 
Dakota - Minnesota  (76,471)  (99,495)  (75,495)  (100,461)  (123,485) 
Jiangxi  (1982,694) 
Phillipines  (2015,810) 
Tibet  (1684,646)  (1660,658)  (1660,634)  (1707,670)  (1684,622)  (1708,622)  (1708,646)  (1636,648)  (1731,670)  (1755,656)  (1755,680)  (1779,665)  (1803,672) 
Portugal  (884,571) 
64 - Bering Sea  (2803,120)  (2823,144)  (2799,144)  (2795,96)  (2819,96)  (2827,120)  (2843,80)  (2802,168)  (2795,72)  (2819,72)  (2851,104)  (2778,171)  (2843,56)  (2867,56)  (2867,80)  (2875,104)  (2891,55)  (2891,79)  (2915,55)  (2915,79)  (2747,235)  (2939,55)  (2963,55)  (2987,55)  (2767,311)  (3011,55)  (3140,55)  (3164,55)  (3188,55) 
Fujian  (1999,708) 
North Korea  (2057,560) 
Greece  (1149,555) 
South Austrailia  (2109,1251)  (2132,1275)  (2108,1275)  (2133,1236)  (2156,1260)  (2156,1284)  (2157,1236)  (2186,1329)  (2210,1329)  (2210,1353)  (2234,1340) 
Mongolia  (1817,454)  (1793,477)  (1793,453)  (1840,478)  (1831,430)  (1841,454)  (1816,501)  (1769,471)  (1769,447)  (1864,478)  (1864,502)  (1840,502)  (1865,434)  (1888,458)  (1888,482)  (1888,506)  (1912,449)  (1912,473)  (1912,497)  (1936,449) 
Kalin  (1142,344) 
4 - Arctic Ocean  (1350,67)  (1326,71)  (1374,55)  (1374,79)  (1345,95)  (1302,62)  (1398,55)  (1398,79)  (1301,122)  (1278,58) 
West Russia  (1262,263)  (1238,286)  (1238,262)  (1285,287)  (1262,239)  (1286,239)  (1286,263)  (1236,238)  (1261,310)  (1237,310)  (1309,287)  (1309,311)  (1285,311)  (1260,215)  (1284,215)  (1308,215)  (1310,239)  (1310,263)  (1261,334)  (1329,335)  (1305,335)  (1281,358)  (1257,358)  (1329,359)  (1305,359)  (1281,382)  (1330,383)  (1306,383) 
Malay  (1849,933) 
Iraq  (1329,641)  (1337,617)  (1353,655) 
Chile  (353,1204) 
Nepal  (1676,692) 
Central India  (1653,722)  (1668,746)  (1644,753)  (1677,720) 
Borneo  (1941,984)  (1965,980) 
32 - Seychelles  (1464,1066)  (1440,1089)  (1487,1090)  (1460,1042)  (1484,1042)  (1488,1066)  (1508,1022)  (1463,1113)  (1439,1113)  (1511,1090)  (1511,1114)  (1487,1114)  (1415,1114)  (1460,1018)  (1484,1018)  (1512,1046)  (1508,998)  (1532,998)  (1532,1022)  (1463,1137)  (1439,1137)  (1535,1070)  (1535,1094)  (1535,1118)  (1511,1138)  (1487,1138)  (1415,1138)  (1460,994)  (1484,994)  (1536,1046)  (1539,1142)  (1508,974)  (1532,974)  (1463,1161)  (1439,1161)  (1515,1162)  (1491,1162)  (1415,1162)  (1460,970)  (1484,970)  (1540,1166)  (1508,950)  (1532,950)  (1516,1186)  (1492,1186)  (1460,946)  (1484,946)  (1540,1190)  (1508,926)  (1532,926)  (1516,1210)  (1492,1210) 
Ukraine  (1216,429)  (1192,434)  (1239,453)  (1240,417)  (1263,441)  (1287,439) 
West Mexico  (3137,733)  (3113,735)  (3113,711)  (3160,757)  (3137,709)  (3161,709)  (3161,733)  (3136,759)  (3090,687)  (3184,757)  (3184,781)  (3160,781)  (3114,685)  (3138,685)  (3185,721)  (3197,805)  (3173,805)  (3197,829)  (3173,829)  (3197,853)  (3173,853) 
Florida  (281,683) 
Central Asia  (1472,504)  (1448,527)  (1495,528)  (1453,480)  (1477,480)  (1496,504)  (1501,475)  (1471,551)  (1424,509)  (1519,528)  (1519,552)  (1495,552)  (1435,456)  (1459,456)  (1520,499)  (1483,451)  (1507,451)  (1525,475)  (1531,445)  (1411,453)  (1447,565)  (1543,523)  (1543,547)  (1543,571)  (1519,576)  (1495,576)  (1435,432)  (1459,432)  (1544,499)  (1401,429)  (1549,469)  (1555,440)  (1562,595)  (1567,523)  (1538,600)  (1514,600)  (1568,493)  (1573,464)  (1569,619)  (1591,517)  (1545,624)  (1521,624)  (1592,488)  (1597,441)  (1615,512)  (1543,648)  (1519,648)  (1616,465)  (1621,441)  (1640,465)  (1645,439) 
South China Is  (1953,873) 
Beijing  (1991,546) 
Maldives  (1589,904) 
Turkey  (1244,562)  (1220,585)  (1264,586)  (1268,554)  (1288,578)  (1312,561) 
Belgium  (995,408) 
New England  (350,480) 
Taiwan  (2014,735) 
South Africa  (1158,1271)  (1134,1294)  (1181,1295)  (1175,1247)  (1182,1271)  (1199,1241)  (1206,1265)  (1206,1289)  (1218,1217)  (1223,1241) 
New Dehli  (1622,689) 
9 - North Atlantic  (601,582)  (577,605)  (577,581)  (624,606)  (601,558)  (625,558)  (625,582)  (575,557)  (600,629)  (576,629)  (648,606)  (648,630)  (624,630)  (599,534)  (623,534)  (647,534)  (649,558)  (649,582)  (559,533)  (671,512)  (600,653)  (576,653)  (672,606)  (672,630)  (672,654)  (648,654)  (624,654)  (583,510)  (607,510)  (631,510)  (673,536)  (673,560)  (559,509)  (695,505)  (600,677)  (576,677)  (696,584)  (696,608)  (696,632)  (696,656)  (672,678)  (648,678)  (624,678)  (697,529)  (697,553)  (698,680)  (720,577)  (720,601)  (720,625)  (720,649)  (721,506)  (721,530) 
Virginia  (298,562) 
Germany  (1037,383)  (1061,377)  (1061,401)  (1037,407)  (1057,431) 
63 - Sea of Okhostk  (2441,311)  (2417,334)  (2417,310)  (2464,335)  (2441,287)  (2465,287)  (2465,311)  (2415,286)  (2440,358)  (2416,358)  (2488,335)  (2488,359)  (2464,359)  (2392,359)  (2465,263)  (2489,263)  (2489,287)  (2489,311)  (2440,382)  (2416,382)  (2512,335)  (2512,359)  (2512,383)  (2488,383)  (2464,383)  (2392,383)  (2488,239)  (2512,239)  (2513,263)  (2513,287)  (2513,311)  (2368,389)  (2351,256)  (2440,406)  (2416,406)  (2536,224)  (2536,335)  (2536,359)  (2536,383)  (2536,407)  (2512,407)  (2488,407)  (2464,407)  (2392,407)  (2537,248)  (2537,272)  (2537,296)  (2368,413)  (2333,280)  (2543,200)  (2344,423) 
3 - Norwegian Sea  (881,99)  (857,122)  (857,98)  (904,123)  (881,75)  (905,75)  (905,99)  (855,74)  (880,146)  (856,146)  (833,122)  (833,98)  (928,123)  (928,147)  (904,147)  (832,147)  (929,55)  (929,79)  (831,74)  (880,170)  (856,170)  (809,123)  (809,99)  (952,103)  (952,127)  (952,151)  (928,171)  (904,171)  (832,171)  (808,171)  (808,147)  (953,55)  (953,79)  (807,75)  (956,175)  (785,123)  (785,99)  (976,103)  (976,127)  (976,151)  (784,188)  (784,164)  (977,55)  (977,79)  (783,75)  (980,175)  (761,140)  (761,116)  (1000,103)  (1000,127)  (1000,151) 
47 - Java Sea  (1984,1029)  (2001,1053)  (1994,1005)  (2008,1029)  (2018,995)  (2025,1053)  (2032,1019)  (2013,971)  (2037,971)  (2042,995)  (2049,1043)  (2049,1067)  (2056,1019)  (2061,952)  (2066,976)  (2073,1043)  (2073,1067)  (2080,1000) 
Moscow  (1285,313) 
Xinjiang  (1651,532)  (1627,555)  (1674,556)  (1649,508)  (1673,508)  (1675,532)  (1697,486)  (1650,579)  (1626,579)  (1698,556)  (1698,580)  (1674,580)  (1602,580)  (1668,484)  (1699,510)  (1698,462)  (1721,486)  (1722,534)  (1722,558)  (1723,510)  (1746,534)  (1746,558)  (1747,498)  (1771,512) 
Bangalore  (1628,826)  (1652,812) 
Southern Iran  (1419,660)  (1442,684)  (1443,655)  (1466,679)  (1475,703) 
Sichuan  (1831,652)  (1852,676)  (1855,650) 
39 - Tasman Sea  (2115,1384)  (2138,1408)  (2114,1408)  (2099,1360)  (2123,1360)  (2139,1384)  (2147,1352)  (2162,1408)  (2162,1432)  (2138,1432)  (2114,1432)  (2099,1336)  (2123,1336)  (2163,1376)  (2186,1400)  (2186,1424)  (2186,1448)  (2162,1456)  (2138,1456)  (2114,1456)  (2099,1312)  (2210,1394)  (2210,1418)  (2210,1442)  (2234,1397)  (2234,1421)  (2234,1445)  (2258,1391)  (2258,1415)  (2258,1439)  (2258,1463)  (2282,1382)  (2282,1406)  (2282,1430)  (2282,1454)  (2286,1358)  (2297,1333)  (2306,1382)  (2306,1406)  (2306,1430)  (2306,1454)  (2310,1300)  (2310,1357)  (2314,1275)  (2321,1324)  (2330,1381)  (2330,1405)  (2330,1429)  (2330,1453)  (2334,1299)  (2334,1348) 
51 - E China Sea  (2161,708)  (2137,728)  (2137,704)  (2185,698)  (2185,722)  (2113,727)  (2113,703)  (2209,698)  (2209,722)  (2089,727)  (2089,703)  (2233,698)  (2233,722)  (2074,679)  (2257,699)  (2257,723) 
31 - Indian Ocean  (1617,1159)  (1593,1182)  (1593,1158)  (1640,1183)  (1617,1135)  (1641,1135)  (1641,1159)  (1591,1134)  (1616,1206)  (1592,1206)  (1569,1182)  (1569,1158)  (1664,1183)  (1664,1207)  (1640,1207)  (1568,1207)  (1615,1111)  (1639,1111)  (1663,1111)  (1665,1135)  (1665,1159)  (1567,1134)  (1567,1110)  (1591,1110)  (1687,1097)  (1616,1230)  (1592,1230)  (1688,1183)  (1688,1207)  (1688,1231)  (1664,1231)  (1640,1231)  (1568,1231)  (1689,1121)  (1689,1145)  (1711,1097)  (1712,1169)  (1712,1193)  (1712,1217)  (1712,1241)  (1713,1121)  (1713,1145)  (1735,1097)  (1736,1169)  (1736,1193)  (1736,1217)  (1736,1241)  (1737,1121)  (1737,1145)  (1759,1097)  (1760,1169)  (1760,1193)  (1760,1217)  (1760,1241) 
56 - California Pacific  (2826,517)  (2849,541)  (2825,541)  (2806,493)  (2830,493)  (2850,517)  (2854,489)  (2873,541)  (2873,565)  (2849,565)  (2825,565)  (2806,469)  (2830,469)  (2874,513)  (2854,465)  (2878,465)  (2878,489)  (2897,537)  (2897,561)  (2897,585)  (2873,589)  (2849,589)  (2825,589)  (2806,445)  (2830,445)  (2898,513)  (2854,441)  (2878,441)  (2902,441)  (2902,465)  (2902,489)  (2921,538)  (2921,562)  (2921,586)  (2945,582)  (2945,606)  (2969,605) 
Buenos Aires  (382,1410)  (415,1369)  (378,1434)  (358,1410)  (439,1354)  (354,1438)  (471,1318) 
Nigeria  (1011,884)  (987,905)  (1028,908)  (1035,870)  (1052,894)  (1059,867) 
Guayana  (455,936)  (479,940) 
7 - Celtic Sea  (755,414)  (778,438)  (754,438)  (743,390)  (767,390)  (779,414)  (791,378)  (802,438)  (802,462)  (778,462)  (754,462)  (803,402)  (815,373) 
Chukotka  (2378,61)  (2354,84)  (2354,60)  (2401,85)  (2402,55)  (2377,108)  (2353,108)  (2330,84)  (2330,60)  (2425,79)  (2425,103)  (2401,109)  (2329,109)  (2426,55)  (2449,79)  (2449,103)  (2450,55)  (2473,79)  (2473,103)  (2474,55)  (2489,127)  (2497,79)  (2497,103)  (2498,55)  (2521,79)  (2521,103)  (2545,77)  (2545,101)  (2569,86)  (2569,110)  (2593,91)  (2593,115)  (2615,139)  (2617,91)  (2617,115)  (2639,139)  (2640,163)  (2641,86)  (2641,110)  (2663,134)  (2664,158)  (2687,114)  (2687,182)  (2688,138)  (2711,114)  (2711,162)  (2711,186)  (2712,138)  (2736,116) 
Sri Lanka  (1662,896) 
15 - Adriatic Sea  (1075,614)  (1072,590)  (1099,599)  (1099,623)  (1041,581)  (1109,647)  (1065,566)  (1123,587)  (1123,611)  (1041,557)  (1147,617)  (1041,533) 
Great Plains  (62,556)  (85,580)  (61,580)  (86,540)  (109,564)  (109,588)  (117,612) 
Switzerland  (1025,466) 
Spain  (922,539)  (943,563)  (919,563)  (946,538)  (934,587) 
North Brazil  (501,1080)  (477,1103)  (477,1079)  (524,1104)  (501,1056)  (525,1056)  (525,1080)  (500,1127)  (476,1127)  (453,1103)  (453,1079)  (548,1104)  (548,1128)  (524,1128)  (496,1032)  (520,1032)  (544,1032)  (549,1056)  (549,1080)  (568,1017)  (500,1151)  (476,1151)  (429,1092)  (572,1104)  (572,1128)  (572,1152)  (548,1152)  (524,1152)  (496,1008)  (573,1041)  (573,1065)  (500,1175)  (476,1175)  (596,1089)  (596,1113)  (596,1137)  (596,1161)  (572,1176)  (548,1176)  (524,1176)  (473,984)  (497,984)  (597,1020)  (597,1044)  (620,1068)  (621,1035)  (645,1050) 
Nunavut  (335,151)  (336,127)  (359,157)  (360,108)  (327,103)  (384,102)  (351,84)  (327,79)  (375,78)  (399,78)  (351,60) 
Aleutian Islands  (2704,339) 
69 - English Channel  (978,361)  (972,337)  (1002,361) 
Inner Africa  (1227,1077)  (1235,1101)  (1190,1106)  (1213,1130)  (1189,1130)  (1235,1154)  (1211,1154)  (1187,1154)  (1163,1171)  (1249,961)  (1230,1178)  (1206,1178)  (1182,1195)  (1158,1195)  (1245,937)  (1108,931)  (1301,927)  (1325,924)  (1219,922)  (1269,922)  (1152,920)  (1176,916)  (1243,913)  (1349,911)  (1108,907)  (1293,903)  (1317,900)  (1200,898)  (1267,898)  (1132,896)  (1156,892)  (1224,889)  (1291,879)  (1315,876)  (1180,874)  (1248,874)  (1109,872) 
Mountain West  (3030,461)  (3006,484)  (3006,460)  (3053,485)  (3040,437)  (3054,461)  (3064,427)  (3029,508)  (3077,485)  (3077,509)  (3053,509)  (3078,451)  (3049,403)  (3073,403)  (3088,427)  (3097,403)  (3101,475)  (3101,499)  (3101,523)  (3040,533)  (3057,379)  (3061,355) 
20 - Antarctic  (171,1321)  (147,1344)  (147,1320)  (194,1345)  (171,1297)  (195,1297)  (195,1321)  (145,1296)  (170,1368)  (146,1368)  (123,1344)  (123,1320)  (218,1345)  (218,1369)  (194,1369)  (122,1369)  (169,1273)  (193,1273)  (217,1273)  (219,1297)  (219,1321)  (121,1296)  (121,1272)  (145,1272)  (241,1251)  (170,1392)  (146,1392)  (99,1345)  (99,1321)  (242,1345)  (242,1369)  (242,1393)  (218,1393)  (194,1393)  (122,1393)  (98,1393)  (98,1369)  (169,1249)  (193,1249)  (217,1249)  (243,1275)  (243,1299)  (97,1297)  (97,1273)  (97,1249)  (121,1248)  (145,1248)  (241,1227)  (265,1227)  (265,1251)  (170,1416)  (146,1416)  (75,1345)  (75,1321) 
67 - S China Sea  (1957,780)  (1933,798)  (1981,771)  (1981,795)  (1957,804)  (1909,799) 
54 - E Pacific  (2836,833)  (2853,857)  (2836,809)  (2860,809)  (2860,833)  (2877,857)  (2877,881)  (2853,881)  (2836,785)  (2860,785)  (2884,785)  (2884,809)  (2884,833)  (2901,857)  (2901,881)  (2901,905)  (2877,905)  (2853,905)  (2836,761)  (2860,761)  (2884,761)  (2908,761)  (2908,785)  (2908,809)  (2908,833)  (2925,857)  (2925,881)  (2925,905)  (2925,929)  (2901,929)  (2877,929)  (2853,929)  (2836,737)  (2860,737)  (2884,737)  (2908,737)  (2926,953)  (2902,953)  (2878,953)  (2854,953)  (2836,713)  (2860,713)  (2884,713)  (2908,713)  (2926,977)  (2902,977)  (2878,977)  (2854,977)  (2836,689)  (2860,689)  (2884,689)  (2908,689) 
Persian Gulf States  (1398,817)  (1353,837)  (1460,759) 
50 - Phillipine Sea  (2153,833)  (2129,856)  (2129,832)  (2176,857)  (2153,809)  (2177,809)  (2177,833)  (2127,808)  (2152,880)  (2128,880)  (2105,856)  (2105,832)  (2200,857)  (2200,881)  (2176,881)  (2104,881)  (2151,785)  (2175,785)  (2199,785)  (2201,809)  (2201,833)  (2103,808)  (2103,784)  (2127,784)  (2223,763)  (2152,904)  (2128,904)  (2224,857)  (2224,881)  (2224,905)  (2200,905)  (2176,905)  (2104,905)  (2151,761)  (2175,761)  (2199,761)  (2225,787)  (2225,811)  (2100,760)  (2124,760)  (2247,754)  (2152,928)  (2128,928)  (2248,835)  (2248,859)  (2248,883)  (2248,907)  (2224,929)  (2200,929)  (2176,929)  (2249,778)  (2249,802) 
Austria  (1085,453) 
South Korea  (2073,592) 
Appalachia  (233,594)  (209,609) 
Columbia - Venezuela  (320,908)  (343,932)  (319,932)  (344,886)  (367,910)  (367,934)  (340,956)  (316,956)  (391,894)  (391,918)  (338,980)  (415,902) 
14 - Alborian Sea  (978,573)  (1002,551)  (1002,575) 
24 - Gulf of Guinea  (1003,1030)  (1026,1054)  (1002,1054)  (985,1006)  (1009,1006)  (1027,1030)  (1050,1054)  (1050,1078)  (1026,1078)  (1002,1078)  (985,982)  (1009,982)  (1058,1102)  (1034,1102)  (1010,1102)  (986,1102)  (985,958)  (1009,958)  (1052,1126)  (1028,1126)  (1004,1126)  (986,934)  (1051,1150)  (1027,1150)  (1003,1150)  (1055,1174)  (1031,1174)  (1007,1174)  (1069,1198)  (1045,1198)  (1021,1198)  (997,1198)  (1075,1222)  (1051,1222)  (1027,1222)  (1003,1222)  (1079,1246)  (1055,1246)  (1031,1246)  (1007,1246) 
30 - Grand Terre  (1621,1340)  (1597,1363)  (1597,1339)  (1644,1364)  (1621,1316)  (1645,1316)  (1645,1340)  (1595,1315)  (1620,1387)  (1596,1387)  (1573,1363)  (1573,1339)  (1668,1364)  (1668,1388)  (1644,1388)  (1572,1388)  (1619,1292)  (1643,1292)  (1667,1292)  (1669,1316)  (1669,1340)  (1571,1315)  (1571,1291)  (1595,1291)  (1691,1270)  (1620,1411)  (1596,1411)  (1692,1364)  (1692,1388)  (1692,1412)  (1668,1412)  (1644,1412)  (1572,1412)  (1693,1294)  (1693,1318)  (1715,1269)  (1620,1435)  (1596,1435)  (1716,1342)  (1716,1366)  (1716,1390)  (1716,1414)  (1692,1436)  (1668,1436)  (1644,1436)  (1572,1436)  (1717,1293)  (1717,1317)  (1718,1438)  (1739,1269)  (1620,1459)  (1596,1459) 
6 - North Sea  (814,261)  (790,284)  (790,260)  (837,285)  (814,237)  (838,237)  (838,261)  (788,236)  (813,308)  (789,308)  (766,284)  (766,260)  (861,285)  (861,309)  (837,309)  (765,309)  (862,214)  (862,238)  (764,236)  (813,332)  (789,332)  (885,262)  (885,286)  (885,310)  (861,333)  (837,333)  (765,333)  (886,214)  (886,238)  (909,262)  (910,214)  (910,238)  (933,262)  (934,214)  (934,238)  (949,286)  (957,262)  (958,214)  (958,238)  (973,286)  (981,262)  (982,214)  (982,238)  (997,286)  (999,310)  (999,334) 
Sudamerica  (393,1234)  (416,1258)  (392,1258)  (387,1210)  (411,1210)  (417,1234)  (368,1274)  (435,1192)  (440,1258)  (440,1282)  (416,1282)  (392,1282)  (381,1186)  (405,1186)  (441,1216)  (368,1298)  (429,1168)  (464,1240)  (429,1306)  (405,1306)  (375,1162)  (399,1162)  (381,1322)  (372,1138)  (396,1138)  (420,1138)  (390,1346)  (366,1346)  (373,1114)  (390,1370)  (366,1370) 
17 - E Mediterranean  (1203,632)  (1227,620)  (1227,644)  (1251,622) 
Inner Mongolia  (1904,541)  (1880,564)  (1928,531)  (1861,540)  (1888,588)  (1856,566)  (1952,511)  (1837,542)  (1879,612)  (1976,498)  (1813,551)  (2000,486)  (2000,441)  (1789,550)  (2024,423)  (2024,447)  (2024,471)  (2024,495)  (2039,399)  (2048,423) 
Japan  (2180,592) 
South Island  (2422,1345) 
57 - North Pacific  (2692,476)  (2668,499)  (2668,475)  (2715,500)  (2692,452)  (2716,452)  (2716,476)  (2666,451)  (2691,523)  (2667,523)  (2644,499)  (2644,475)  (2739,500)  (2739,524)  (2715,524)  (2643,524)  (2690,428)  (2714,428)  (2738,428)  (2740,452)  (2740,476)  (2642,451)  (2642,427)  (2666,427)  (2762,422)  (2691,547)  (2667,547)  (2763,500)  (2763,524)  (2763,548)  (2739,548)  (2715,548)  (2643,548)  (2764,446)  (2764,470)  (2691,571)  (2667,571)  (2780,572)  (2756,572)  (2732,572)  (2643,572) 
Yunnan  (1832,723)  (1856,729) 
41 - South Pacific  (2903,1293)  (2879,1316)  (2879,1292)  (2926,1317)  (2903,1269)  (2927,1269)  (2927,1293)  (2877,1268)  (2902,1340)  (2878,1340)  (2855,1316)  (2855,1292)  (2950,1317)  (2950,1341)  (2926,1341)  (2854,1341)  (2901,1245)  (2925,1245)  (2949,1245)  (2951,1269)  (2951,1293)  (2853,1268)  (2853,1244)  (2877,1244)  (2973,1223)  (2902,1364)  (2878,1364)  (2831,1317)  (2831,1293)  (2974,1317)  (2974,1341)  (2974,1365)  (2950,1365)  (2926,1365)  (2854,1365)  (2830,1365)  (2830,1341)  (2901,1221)  (2925,1221)  (2949,1221)  (2975,1247)  (2975,1271)  (2829,1269)  (2829,1245)  (2829,1221)  (2853,1220)  (2877,1220)  (2973,1199)  (2997,1199)  (2997,1223)  (2902,1388)  (2878,1388)  (2807,1317)  (2807,1293) 
11 - Gulf of Mexico  (169,711)  (145,734)  (192,735)  (210,711)  (234,693)  (234,717)  (258,697)  (258,721)  (306,662)  (320,638)  (322,686)  (330,662)  (332,710)  (343,614)  (344,638)  (345,566)  (346,590)  (346,686)  (352,532)  (354,662)  (356,710) 
Belarus  (1192,372)  (1207,348)  (1216,372) 
Caucasus  (1318,493)  (1318,469)  (1342,469)  (1342,493)  (1326,445)  (1350,445) 
Northern India  (1600,712) 
New Zealand  (2478,1271) 
16 - Black Sea  (1229,513)  (1253,517)  (1277,512)  (1301,531) 
Levant  (1262,642) 
29 - Alfred  (1411,1327)  (1387,1350)  (1387,1326)  (1434,1351)  (1411,1303)  (1435,1303)  (1435,1327)  (1385,1302)  (1410,1374)  (1386,1374)  (1458,1351)  (1458,1375)  (1434,1375)  (1409,1279)  (1433,1279)  (1457,1279)  (1459,1303)  (1459,1327)  (1370,1278)  (1481,1269)  (1410,1398)  (1386,1398)  (1482,1351)  (1482,1375)  (1482,1399)  (1458,1399)  (1434,1399)  (1394,1255)  (1418,1255)  (1442,1255)  (1483,1293)  (1483,1317)  (1370,1254)  (1505,1269)  (1410,1422)  (1386,1422)  (1506,1341)  (1506,1365)  (1506,1389)  (1506,1413)  (1482,1423)  (1458,1423)  (1434,1423)  (1394,1231)  (1418,1231)  (1442,1231)  (1507,1293)  (1507,1317)  (1520,1437)  (1410,1446)  (1386,1446) 
European Turkey  (1197,539) 
46 - Timor Sea  (1990,1120)  (2013,1144)  (1989,1144)  (2014,1097)  (2038,1097)  (2062,1097) 
Czechia  (1081,421) 
Egypt  (1198,680)  (1222,682) 
Sakha  (2220,192)  (2196,201)  (2243,216)  (2229,168)  (2244,192)  (2253,159)  (2267,216)  (2267,240)  (2243,240)  (2268,183)  (2277,151)  (2291,207)  (2291,231)  (2292,175)  (2301,140)  (2315,199)  (2316,164) 
North Africa  (1000,656)  (976,679)  (976,655)  (1023,680)  (1000,632)  (1024,632)  (1024,656)  (974,631)  (952,690)  (952,666)  (1047,680)  (1048,655)  (950,642)  (928,690)  (928,666)  (1071,679)  (926,642)  (904,690)  (904,666)  (1095,678)  (1119,688)  (1143,687) 
North Austrailia  (2084,1164)  (2060,1187)  (2060,1163)  (2107,1188)  (2084,1140)  (2108,1140)  (2108,1164)  (2075,1211)  (2051,1211)  (2036,1187)  (2131,1188)  (2113,1116)  (2132,1140)  (2132,1164)  (2027,1220)  (2073,1235)  (2012,1196)  (2155,1188)  (2156,1154)  (2049,1244)  (2025,1244)  (2003,1220)  (2001,1246)  (2074,1259)  (1988,1196)  (2179,1178)  (2179,1202)  (2050,1268)  (2026,1268)  (1979,1222)  (2002,1270)  (1977,1256)  (2198,1226)  (2074,1283)  (2203,1163)  (2203,1187)  (2211,1138)  (2050,1292)  (2026,1292)  (2002,1294)  (2222,1211)  (2222,1235)  (2227,1179)  (1986,1318)  (2246,1203)  (2246,1227)  (2270,1226) 
Shaanxi  (1909,627) 
Saudi Arabia  (1304,713)  (1327,737)  (1303,689)  (1327,689)  (1328,713)  (1351,737)  (1351,761)  (1327,761)  (1352,701)  (1375,725)  (1375,749)  (1375,773)  (1351,785)  (1399,757)  (1399,781)  (1423,770) 
66 - Taiwan Strait  (2014,762)  (2028,738)  (2038,762)  (2062,753) 
Southeast Asia  (1842,807)  (1865,831)  (1841,831)  (1862,783)  (1866,807)  (1889,831)  (1889,855) 
34 - Red Sea  (1455,842)  (1431,852)  (1460,818)  (1479,842)  (1484,813)  (1407,852)  (1503,837)  (1489,789)  (1508,813)  (1513,784)  (1527,837)  (1532,808)  (1514,760)  (1537,784)  (1538,759) 
Pakistan  (1539,696)  (1563,677)  (1587,654)  (1601,630) 
Ireland  (885,365) 
Qatar  (1407,723) 
Near Islands  (2471,386)  (2494,410)  (2470,410)  (2495,373) 
S Caucasus  (1360,553) 
France  (972,457)  (995,481)  (971,481)  (996,442)  (983,505) 
Papua  (2176,1016) 
Pacific Northwest  (2969,343)  (2992,367)  (2968,367)  (2966,319)  (2990,319)  (2993,343)  (3014,300)  (3016,367)  (3016,391)  (2992,391)  (2968,391)  (3017,324) 
Eastern Canada  (198,407)  (174,430)  (174,406)  (221,431)  (198,383)  (222,383)  (222,407)  (172,382)  (150,438)  (150,414)  (245,431)  (245,455)  (221,455)  (196,359)  (220,359)  (148,390)  (148,366)  (172,358)  (132,342)  (126,435)  (269,419)  (269,443)  (269,467)  (124,411)  (124,387)  (156,334)  (272,491)  (108,363)  (108,339)  (132,318)  (287,364)  (287,388)  (105,315)  (102,435)  (293,412)  (293,436)  (293,460)  (100,411)  (100,387)  (304,301)  (304,340)  (84,363)  (84,339)  (311,364)  (311,388)  (81,315)  (81,291)  (105,291)  (78,435)  (317,412)  (317,436) 
13 - Madeira  (780,586)  (803,610)  (779,610)  (760,562)  (784,562)  (804,586)  (808,558)  (827,610)  (827,634)  (803,634)  (779,634)  (760,538)  (784,538)  (828,582)  (808,534)  (832,534)  (832,558)  (851,606)  (851,630)  (851,654)  (827,658)  (803,658)  (779,658)  (760,514)  (784,514)  (852,582)  (808,510)  (832,510)  (856,510)  (856,534)  (856,558)  (856,678)  (875,610)  (832,682)  (808,682)  (784,682)  (760,682) 
Amazonas  (380,1011)  (356,1034)  (403,1035)  (369,987)  (393,987)  (404,1011)  (417,975)  (370,1058)  (427,1035)  (428,999)  (451,1023) 
Norway  (1027,225)  (1049,201)  (1049,249)  (1025,249)  (1051,225) 
Amur  (2108,337)  (2130,361)  (2110,313)  (2134,311)  (2154,381)  (2130,385)  (2123,287)  (2147,287)  (2171,274)  (2175,405)  (2151,409)  (2131,263)  (2155,250)  (2179,250) 
Denmark  (1036,317) 
43 - Samoa  (2630,1083)  (2653,1107)  (2629,1107)  (2622,1059)  (2646,1059)  (2654,1083)  (2670,1043)  (2677,1107)  (2677,1131)  (2653,1131)  (2629,1131)  (2622,1035)  (2646,1035)  (2678,1067)  (2694,1031)  (2701,1091)  (2701,1115)  (2701,1139)  (2677,1155)  (2653,1155)  (2629,1155)  (2702,1055)  (2709,1163)  (2718,1031)  (2725,1079)  (2725,1103)  (2725,1127)  (2685,1179)  (2661,1179)  (2637,1179)  (2726,1055)  (2733,1151)  (2733,1175) 
Upper Peninsula  (188,464) 
Greenland  (543,115)  (519,134)  (519,110)  (566,139)  (543,91)  (567,91)  (567,115)  (513,86)  (542,158)  (588,163)  (537,67)  (561,67)  (585,67)  (591,91)  (591,115)  (509,62)  (609,55)  (564,182)  (540,182)  (615,79)  (615,103)  (633,55)  (576,206)  (552,206)  (639,79)  (639,103)  (657,55)  (663,79)  (681,55) 